Saturn Zonal Winds from Sanchez-Lavega et al. (2000)
Centric Latitude, Graphic Latitude, u (m/s), u_rms (m/s)
     90.0     90.0      0.0      8.7   ! fake data added here
     78.6     80.7      9.9      8.7
     78.0     80.2      8.3      7.2
     77.5     79.7     14.1      5.4
     76.9     79.3     20.4     16.1
     76.3     78.8     24.8     13.9
     75.7     78.3     43.5     13.5
     75.1     77.8     67.8     15.7
     74.5     77.3    105.7      8.2
     73.9     76.8     67.2     19.6
     73.3     76.3     25.5     12.8
     72.7     75.8      9.3     18.2
     72.2     75.3      9.5     24.3
     71.6     74.8      5.9      9.3
     71.0     74.4     -3.6      8.4
     70.4     73.9     -8.8      8.0
     69.8     73.4     -8.9      6.7
     69.3     72.9    -10.1      5.8
     68.7     72.4    -10.0      4.9
     68.1     71.9     -7.5      5.2
     67.5     71.4     -8.5      5.6
     67.0     70.9     -5.0      5.9
     66.4     70.4     -2.5      7.1
     65.8     69.9      2.0      9.1
     65.3     69.5      4.5      6.3
     64.7     69.0     13.5      6.3
     64.1     68.5     20.6      6.2
     63.6     68.0     28.7     11.4
     63.0     67.5     50.6     12.0
     62.4     67.0     69.1     14.3
     61.9     66.5     76.4      8.7
     61.3     66.0     88.0     12.9
     60.8     65.5     96.4     15.5
     60.2     65.0     75.2     16.8
     59.6     64.5     73.0      9.8
     59.1     64.0     67.6      5.3
     58.5     63.5     61.8      7.7
     58.0     63.1     67.3      7.4
     57.4     62.6     76.1     12.2
     56.9     62.1     79.6     11.4
     56.3     61.6     87.7     10.8
     55.8     61.1     90.8     11.5
     55.3     60.6     93.3     22.6
     54.7     60.1     88.3      9.7
     54.2     59.6     85.2      9.7
     53.6     59.1     56.2     13.3
     53.1     58.6     40.8     16.1
     52.6     58.1     14.7     17.4
     52.0     57.6      8.9     13.3
     51.5     57.1      9.3     13.5
     51.0     56.6      3.9     10.7
     50.5     56.1     -0.3     15.8
     49.9     55.6     -0.8      7.3
     49.4     55.1     -1.9      6.6
     48.9     54.6      1.7      6.3
     48.4     54.1      4.1      5.7
     47.9     53.7      7.1      5.2
     47.3     53.2     13.0      6.0
     46.8     52.7     18.4      5.1
     46.3     52.2     33.7      4.7
     45.8     51.7     36.4      5.0
     45.3     51.2     46.5      5.9
     44.8     50.7     58.4     10.3
     44.3     50.2     67.4     16.2
     43.8     49.7     97.8     20.0
     43.3     49.2    113.4     18.2
     42.8     48.7    128.0     12.5
     42.3     48.2    140.0     12.6
     41.8     47.7    142.3     13.2
     41.3     47.2    146.0     19.9
     40.8     46.7    144.9     11.8
     40.3     46.2    139.5     11.1
     39.8     45.7    107.7     11.1
     39.3     45.2     94.9     10.4
     38.8     44.7     68.5      9.6
     38.3     44.2     62.6      9.0
     37.8     43.7     34.3     17.1
     37.3     43.2     20.6     15.9
     36.9     42.7     11.4     16.5
     36.4     42.2      5.4     13.3
     35.9     41.7     -6.6     13.8
     35.4     41.2    -13.9      8.0
     34.9     40.7    -12.9      6.1
     34.5     40.2    -18.0     13.8
     34.0     39.7    -17.3      9.8
     33.5     39.2    -20.4      6.6
     33.0     38.7    -15.0     12.8
     32.6     38.2    -12.1     11.5
     32.1     37.7     -5.7      8.1
     31.6     37.2      2.6     12.5
     31.2     36.7      9.1      6.4
     30.7     36.1     19.4     11.4
     30.2     35.6     30.3      7.2
     29.8     35.1     39.5     14.4
     29.3     34.6     48.3      6.3
     28.4     33.6     57.7      7.9
     27.5     32.6     61.8      7.9
     27.0     32.1     63.5     10.2
     26.6     31.6     62.9      8.1
     26.1     31.1     62.2      7.5
     25.7     30.6     62.9      9.6
     25.2     30.1     64.5     11.5
     24.8     29.6     67.2     11.5
     23.9     28.6     73.2     12.5
     23.4     28.1     73.3     13.0
     23.0     27.6     76.1     17.4
     22.5     27.0     77.4     17.6
     22.1     26.5     83.6     12.7
     21.2     25.5     92.1     12.3
     20.3     24.5     92.0     14.2
     19.9     24.0    100.7     10.8
     19.5     23.5    112.2     10.3
     19.0     23.0    124.6     12.3
     18.6     22.5    151.1     18.0
     18.2     22.0    162.1     13.2
     17.7     21.5    175.4     14.5
     17.3     21.0    180.0      7.4
     16.9     20.4    190.4     11.6
     16.4     19.9    192.2     10.4
     16.0     19.4    202.3      9.4
     15.6     18.9    204.9      6.0
     15.1     18.4    212.1      7.9
     14.7     17.9    217.6      6.7
     14.3     17.4    226.4      5.9
     13.9     16.9    234.7      7.0
     13.4     16.4    243.1     13.4
     13.0     15.9    252.9     10.2
     12.6     15.3    261.7     14.9
     12.2     14.8    278.9     17.5
     11.7     14.3    292.9     15.4
     11.3     13.8    307.9     14.2
     10.9     13.3    327.9     13.0
     10.5     12.8    362.6     12.0
     10.0     12.3    396.0     14.2
      9.6     11.8    405.7      7.8
      9.2     11.3    409.2     11.1
      8.8     10.7    415.3     10.7
      8.4     10.2    430.3      9.7
      7.9      9.7    428.7      9.9
      7.5      9.2    430.9     10.2
      7.1      8.7    434.0     15.3
      5.8      7.2    456.4     19.3
      5.4      6.7    461.6     14.3
      5.0      6.1    466.0      9.3
      4.6      5.6    467.1      6.5
      4.2      5.1    465.5     11.0
      3.8      4.6    465.6     20.5
      3.3      4.1    461.0     13.3
      2.9      3.6    459.2      9.2
      2.5      3.1    457.8     21.9
      2.1      2.6    458.0     12.7
      1.7      2.1    458.2      9.9
      1.3      1.5    441.4     17.8
      0.8      1.0    431.7      8.0
      0.4      0.5    429.5      7.4
      0.0      0.0    429.1      5.7
     -0.8     -1.0    435.5      5.7
     -1.3     -1.5    435.9      9.7
     -1.7     -2.1    436.3     19.7
     -8.8    -10.7    377.1     18.3
     -9.2    -11.3    368.0     19.9
     -9.6    -11.8    348.9     14.2
    -10.0    -12.3    341.1     12.8
    -10.5    -12.8    325.8     12.9
    -11.3    -13.8    310.7     18.5
    -11.7    -14.3    302.9     13.0
    -12.2    -14.8    286.6     13.0
    -14.3    -17.4    245.5     13.4
    -14.7    -17.9    239.8      3.6
    -15.1    -18.4    229.1     21.7
    -15.6    -18.9    225.5     19.0
    -16.9    -20.4    190.7     22.5
    -18.2    -22.0    164.8     22.5
    -19.0    -23.0    147.2     12.6
    -19.5    -23.5    140.7     17.8
    -20.3    -24.5    125.3     14.0
    -21.2    -25.5    118.2      7.7
    -22.1    -26.5    101.8      5.9
    -22.5    -27.0    100.7      9.2
    -23.0    -27.6     97.0     10.5
    -23.4    -28.1     96.1     10.0
    -24.8    -29.6     73.2      8.1
    -25.2    -30.1     69.8      9.1
    -25.7    -30.6     71.7     14.5
    -26.1    -31.1     73.9      7.3
    -26.6    -31.6     82.8     22.8
    -27.0    -32.1     88.2     16.4
    -27.5    -32.6     94.0     16.5
    -27.9    -33.1     84.3     23.8
    -28.4    -33.6     74.5     10.3
    -28.9    -34.1     74.9      8.3
    -29.3    -34.6     77.7      7.7
    -29.8    -35.1     71.8     18.0
    -30.2    -35.6     66.9      5.5
    -30.7    -36.1     63.0     12.8
    -31.2    -36.7     55.6      8.3
    -31.6    -37.2     46.0      9.7
    -32.1    -37.7     37.1      9.7
    -33.0    -38.7     20.5      9.7
    -33.5    -39.2      2.2     14.3
    -34.0    -39.7     -6.3     10.2
    -34.5    -40.2     -3.9     10.3
    -34.9    -40.7     -9.0     18.2
    -35.4    -41.2     -3.8     13.0
    -35.9    -41.7     -2.1     12.2
    -36.4    -42.2     -3.6      8.6
    -36.9    -42.7     -3.0     10.5
    -37.3    -43.2     -0.5     16.1
    -37.8    -43.7     -1.9      9.6
    -38.3    -44.2      0.1      9.1
    -38.8    -44.7      7.3      5.7
    -39.3    -45.2     22.4     11.3
    -39.8    -45.7     28.7     13.5
    -40.3    -46.2     48.3      7.3
    -40.8    -46.7     77.9     10.6
    -41.3    -47.2    108.3     18.6
    -41.8    -47.7    129.4      7.9
    -42.3    -48.2    131.7     18.3
    -42.8    -48.7    129.8     18.7
    -43.3    -49.2    125.2     13.5
    -43.8    -49.7    118.0      9.5
    -44.3    -50.2    107.6     19.7
    -44.8    -50.7     89.3     19.7
    -45.3    -51.2     65.7     17.8
    -45.8    -51.7     50.0     19.0
    -46.3    -52.2     43.8      9.8
    -46.8    -52.7     31.4      9.3
    -47.3    -53.2     23.5      6.1
    -47.9    -53.7     16.1     16.1
    -48.4    -54.1     20.1      5.7
    -48.9    -54.6     19.0      9.4
    -49.4    -55.1     22.1     10.4
    -49.9    -55.6     30.5      9.3
    -50.5    -56.1     40.5      8.3
    -51.0    -56.6     53.2     17.5
    -51.5    -57.1     67.4     18.1
    -52.0    -57.6     70.4     12.8
    -52.6    -58.1     95.8     12.7
    -53.1    -58.6     98.8      7.3
    -53.6    -59.1    102.8     22.3
    -54.2    -59.6     99.5     10.0
    -54.7    -60.1     95.3     15.1
    -55.8    -61.1     82.1     15.1
    -56.3    -61.6     66.1     23.0
    -57.4    -62.6     43.2      5.8
    -58.0    -63.1     33.0      6.1
    -58.5    -63.5     23.9      4.3
    -59.1    -64.0     20.5      4.7
    -60.2    -65.0      6.1      6.4
    -60.8    -65.5     -2.0      9.7
    -61.3    -66.0     -5.6      8.3
    -61.9    -66.5     -7.2     11.5
    -62.4    -67.0     -8.9      7.4
    -63.0    -67.5    -10.3      6.5
    -63.6    -68.0    -11.1      7.4
    -64.1    -68.5    -11.5      7.1
    -64.7    -69.0    -12.1      4.4
    -65.3    -69.5    -12.9      3.1
    -65.8    -69.9    -11.9      2.2
    -66.4    -70.4    -11.4      0.4
    -67.0    -70.9     -9.9      3.6
    -90.0    -90.0      0.0      8.7   ! fake data added here
